D:\DL\1-aviliable\YOLO\1-keras-yolov3\keras-yolo3-master(useful)/VOC2007/JPEGImages/jam1_0001.jpg 752,380,896,494,0 887,332,1013,430,0 1017,385,1246,542,0 645,277,727,342,0 787,273,873,335,0 1670,534,1920,718,0 575,224,623,260,0 641,505,702,652,1 1267,232,1288,281,1 1496,287,1520,344,1
D:\DL\1-aviliable\YOLO\1-keras-yolov3\keras-yolo3-master(useful)/VOC2007/JPEGImages/jam1_0002.jpg 648,280,723,341,0 578,227,621,260,0 760,382,900,494,0 782,277,875,334,0 887,337,1018,432,0 1021,392,1249,546,0 641,503,699,648,1 1274,232,1288,275,1 1495,287,1523,345,1
D:\DL\1-aviliable\YOLO\1-keras-yolov3\keras-yolo3-master(useful)/VOC2007/JPEGImages/jam1_0003.jpg 642,505,695,648,1 1266,228,1285,273,1 1500,288,1518,341,1 578,224,625,262,0 650,231,702,284,0 792,420,957,550,0 795,282,889,353,0 912,353,1048,453,0 1087,416,1350,591,0 1521,459,1799,619,0
D:\DL\1-aviliable\YOLO\1-keras-yolov3\keras-yolo3-master(useful)/VOC2007/JPEGImages/jam1_0004.jpg 580,225,621,264,0 660,220,700,267,0 652,264,716,320,0 813,306,927,387,0 975,400,1138,530,0 668,344,788,434,0 907,555,1198,774,0 1292,353,1485,467,0 1316,478,1674,688,0 638,506,702,646,1 1255,223,1273,270,1 1507,282,1528,335,1
D:\DL\1-aviliable\YOLO\1-keras-yolov3\keras-yolo3-master(useful)/VOC2007/JPEGImages/jam1_0005.jpg 635,507,702,649,1 1241,223,1262,267,1 1493,280,1517,334,1 580,225,624,264,0 659,288,727,359,0 664,237,716,287,0 702,217,745,246,0 842,332,968,427,0 724,405,891,535,0 1050,467,1289,653,0 1127,295,1262,371,0 1666,542,1917,738,0
D:\DL\1-aviliable\YOLO\1-keras-yolov3\keras-yolo3-master(useful)/VOC2007/JPEGImages/jam1_0006.jpg 578,225,618,260,0 646,220,681,257,0 713,227,760,266,0 673,269,725,321,0 671,327,774,421,0 884,370,1049,488,0 1017,256,1120,324,0 791,507,1025,717,0 1199,602,1543,855,0 1224,221,1248,260,1 1474,275,1503,327,1 632,507,703,649,1
D:\DL\1-aviliable\YOLO\1-keras-yolov3\keras-yolo3-master(useful)/VOC2007/JPEGImages/jam1_0007.jpg 639,505,698,652,1 581,227,621,264,0 727,242,785,288,0 649,228,691,267,0 663,285,735,375,0 710,385,841,509,0 953,430,1163,592,0 952,237,1020,287,0
D:\DL\1-aviliable\YOLO\1-keras-yolov3\keras-yolo3-master(useful)/VOC2007/JPEGImages/jam1_0009.jpg 1184,645,1609,999,0 827,650,1123,1019,0 727,391,878,570,0 759,289,852,357,0 659,260,721,316,0 645,209,687,246,0 575,225,624,262,0 637,507,699,648,1 1198,213,1213,257,1
D:\DL\1-aviliable\YOLO\1-keras-yolov3\keras-yolo3-master(useful)/VOC2007/JPEGImages/jam1_0014.jpg 638,510,699,653,1 1345,248,1366,298,1 580,230,621,263,0 667,230,712,275,0 707,303,802,400,0 823,270,927,370,0 970,332,1149,482,0 1113,256,1209,310,0 1150,314,1282,399,0 1635,428,1902,559,0 821,564,1043,800,0 1182,684,1632,1067,0 243,512,300,628,1
D:\DL\1-aviliable\YOLO\1-keras-yolov3\keras-yolo3-master(useful)/VOC2007/JPEGImages/jam1_0020.jpg 710,481,755,625,1 685,534,714,621,1 1207,241,1235,289,1 1255,234,1275,269,1 752,237,816,292,0 578,224,621,264,0 659,221,693,256,0 1093,271,1207,331,0 1323,388,1520,502,0 1205,557,1616,932,0 809,467,996,648,0 935,213,991,248,0
D:\DL\1-aviliable\YOLO\1-keras-yolov3\keras-yolo3-master(useful)/VOC2007/JPEGImages/jam1_0024.jpg 656,303,725,381,0 581,227,618,266,0 689,214,730,255,0 755,227,810,266,0 796,266,871,316,0 1453,420,1678,537,0 948,342,1143,473,0 971,467,1017,591,1 943,503,970,588,1 1232,221,1253,262,1 1423,306,1450,363,1
D:\DL\1-aviliable\YOLO\1-keras-yolov3\keras-yolo3-master(useful)/VOC2007/JPEGImages/jam1_0035.jpg 582,225,623,264,0 712,214,760,250,0 789,299,891,370,0 924,342,1082,445,0 1150,424,1463,567,0 118,621,188,799,1 1285,267,1313,321,1 1627,387,1671,487,1
D:\DL\1-aviliable\YOLO\1-keras-yolov3\keras-yolo3-master(useful)/VOC2007/JPEGImages/jam1_0036.jpg 580,217,621,264,0 725,219,784,269,0 685,191,731,224,0 799,302,910,388,0 992,371,1206,491,0 1398,474,1757,631,0 82,702,155,867,1 1632,412,1652,470,1 1653,384,1681,478,1 1371,292,1400,342,1
D:\DL\1-aviliable\YOLO\1-keras-yolov3\keras-yolo3-master(useful)/VOC2007/JPEGImages/jam1_0040.jpg 581,224,627,263,0 732,219,796,273,0 788,277,863,339,0 1170,414,1452,559,0 1591,373,1610,430,1 1618,349,1652,435,1 1774,389,1807,469,1
D:\DL\1-aviliable\YOLO\1-keras-yolov3\keras-yolo3-master(useful)/VOC2007/JPEGImages/jam2_0001.jpg 481,566,717,874,0 787,548,1037,800,0 564,448,696,581,0 755,402,905,557,0 998,384,1159,521,0 1132,467,1462,656,0 1267,655,1684,973,0 1078,249,1168,303,0 593,359,695,448,0 1245,220,1268,264,1 1481,280,1500,341,1 1513,277,1531,334,1
D:\DL\1-aviliable\YOLO\1-keras-yolov3\keras-yolo3-master(useful)/VOC2007/JPEGImages/jam2_0003.jpg 456,563,727,892,0 775,550,1039,812,0 559,439,700,584,0 739,400,920,548,0 995,381,1174,527,0 1116,477,1481,669,0 1246,650,1682,966,0 1050,241,1128,287,0 1256,235,1274,271,1 1439,284,1464,345,1 1485,278,1509,335,1
D:\DL\1-aviliable\YOLO\1-keras-yolov3\keras-yolo3-master(useful)/VOC2007/JPEGImages/jam2_0010.jpg 1374,314,1548,412,0 1505,466,1793,642,0 1274,656,1687,992,0 787,571,1066,848,0 457,567,720,877,0 745,396,907,555,0 1006,374,1175,525,0 556,449,692,585,0 1720,337,1737,409,1 1738,334,1756,405,1 1766,332,1782,413,1 284,487,325,624,1 241,507,289,634,1 1382,255,1402,302,1
D:\DL\1-aviliable\YOLO\1-keras-yolov3\keras-yolo3-master(useful)/VOC2007/JPEGImages/jam2_0012.jpg 1437,264,1455,320,1 123,570,174,719,1 198,549,257,689,1 253,539,303,685,1 455,578,737,920,0 846,710,1217,1071,0 1188,491,1541,741,0 995,377,1188,530,0 739,395,907,557,0 550,441,693,582,0 732,310,809,399,0 1138,314,1280,402,0 1191,256,1314,323,0
D:\DL\1-aviliable\YOLO\1-keras-yolov3\keras-yolo3-master(useful)/VOC2007/JPEGImages/jam2_0015.jpg 532,527,706,734,0 787,453,1005,666,0 1053,421,1291,635,0 1388,609,1820,992,0 571,381,693,496,0 810,355,1021,464,0 727,314,813,407,0 964,213,1038,255,0 1507,281,1523,330,1 124,656,207,821,1 202,653,274,799,1 498,424,539,521,1
D:\DL\1-aviliable\YOLO\1-keras-yolov3\keras-yolo3-master(useful)/VOC2007/JPEGImages/jam2_0017.jpg 428,556,480,692,1 84,766,185,959,1 1557,296,1578,357,1 505,688,780,1042,0 1141,492,1442,734,0 562,410,696,544,0 728,320,835,435,0 881,381,1112,517,0 574,302,666,381,0
D:\DL\1-aviliable\YOLO\1-keras-yolov3\keras-yolo3-master(useful)/VOC2007/JPEGImages/jam2_0021.jpg 591,420,709,563,0 741,359,875,470,0 903,344,1035,434,0 1170,275,1282,338,0 1010,419,1196,542,0 1098,500,1399,741,0 868,585,1191,946,0 537,606,752,888,0 710,282,780,339,0 1487,427,1539,517,1 1727,328,1759,409,1
D:\DL\1-aviliable\YOLO\1-keras-yolov3\keras-yolo3-master(useful)/VOC2007/JPEGImages/jam2_0023.jpg 543,391,678,510,0 587,548,780,778,0 721,320,823,407,0 830,282,910,344,0 878,323,985,399,0 955,381,1099,488,0 1024,234,1102,273,0 1074,464,1300,621,0 1189,566,1555,869,0 828,516,1067,719,0 277,450,320,548,1 1848,353,1871,409,1
D:\DL\1-aviliable\YOLO\1-keras-yolov3\keras-yolo3-master(useful)/VOC2007/JPEGImages/jam2_0024.jpg 253,467,306,577,1 543,416,678,544,0 742,356,866,474,0 837,285,930,357,0 684,282,766,339,0 885,339,1007,423,0 967,399,1134,513,0 1103,488,1359,670,0 1242,624,1637,952,0 578,660,848,1009,0 971,221,1028,255,0
D:\DL\1-aviliable\YOLO\1-keras-yolov3\keras-yolo3-master(useful)/VOC2007/JPEGImages/jam2_0032.jpg 543,374,664,481,0 542,506,752,727,0 734,352,864,444,0 806,271,899,341,0 875,307,999,402,0 988,409,1185,550,0 1288,649,1659,946,0 1352,471,1685,638,0 1512,420,1734,537,0 1118,255,1221,321,0
D:\DL\1-aviliable\YOLO\1-keras-yolov3\keras-yolo3-master(useful)/VOC2007/JPEGImages/jam2_0034.jpg 625,557,918,817,0 821,385,1028,510,0 1009,349,1230,473,0 1075,484,1356,678,0 677,305,764,392,0 853,305,985,394,0 935,203,1000,239,0 1034,250,1124,307,0
D:\DL\1-aviliable\YOLO\1-keras-yolov3\keras-yolo3-master(useful)/VOC2007/JPEGImages/jam2_0037.jpg 613,387,721,502,0 724,480,975,702,0 1056,444,1373,600,0 1300,402,1607,531,0 1328,677,1787,1024,0 713,312,800,381,0 814,281,909,352,0
D:\DL\1-aviliable\YOLO\1-keras-yolov3\keras-yolo3-master(useful)/VOC2007/JPEGImages/jam2_0043.jpg 566,419,691,585,0 688,296,767,363,0 599,271,670,323,0 812,269,914,350,0 907,332,1053,428,0 1146,387,1430,537,0 1098,271,1210,324,0 1275,327,1437,435,0 1521,539,1916,744,0 927,653,1277,977,0 1699,380,1743,478,1 268,528,317,660,1
D:\DL\1-aviliable\YOLO\1-keras-yolov3\keras-yolo3-master(useful)/VOC2007/JPEGImages/jam2_0044.jpg 267,557,317,682,1 1168,203,1188,248,1 606,275,682,352,0 721,330,848,423,0 831,282,934,369,0 959,345,1139,453,0 1013,238,1102,289,0 1138,278,1268,374,0 1263,412,1596,570,0 935,655,1278,980,0 523,507,687,707,0 825,181,889,213,0
D:\DL\1-aviliable\YOLO\1-keras-yolov3\keras-yolo3-master(useful)/VOC2007/JPEGImages/jam2_0045.jpg 470,606,688,898,0 934,646,1275,985,0 1430,432,1775,595,0 1025,355,1242,474,0 831,385,1031,514,0 850,294,966,392,0 612,302,702,375,0 780,249,832,298,0 870,185,927,219,0 948,225,1018,262,0 271,575,330,712,1 1178,212,1191,244,1
D:\DL\1-aviliable\YOLO\1-keras-yolov3\keras-yolo3-master(useful)/VOC2007/JPEGImages/jam2_0046.jpg 284,580,345,731,1 1180,210,1199,250,1 616,328,713,417,0 870,307,1003,413,0 789,253,846,310,0 643,224,693,262,0 1124,377,1370,512,0 1025,460,1346,631,0 937,650,1275,971,0 982,232,1055,296,0 902,220,962,250,0 1620,456,1916,628,0
D:\DL\1-aviliable\YOLO\1-keras-yolov3\keras-yolo3-master(useful)/VOC2007/JPEGImages/jam2_0047.jpg 623,364,728,469,0 912,324,1084,455,0 938,669,1280,975,0 1268,412,1549,544,0 1364,546,1785,735,0 320,578,382,725,1 1185,216,1207,252,1 796,267,871,324,0 655,234,710,285,0
D:\DL\1-aviliable\YOLO\1-keras-yolov3\keras-yolo3-master(useful)/VOC2007/JPEGImages/jam2_0048.jpg 614,407,727,542,0 803,269,885,337,0 659,252,731,309,0 878,306,981,388,0 978,348,1198,485,0 938,655,1277,973,0 1492,462,1800,596,0 321,580,382,724,1
D:\DL\1-aviliable\YOLO\1-keras-yolov3\keras-yolo3-master(useful)/VOC2007/JPEGImages/jam2_0049.jpg 317,585,374,723,1 574,485,731,659,0 938,653,1284,971,0 1056,364,1337,524,0 885,314,1014,414,0 813,281,912,338,0 670,274,760,344,0 946,203,999,237,0
D:\DL\1-aviliable\YOLO\1-keras-yolov3\keras-yolo3-master(useful)/VOC2007/JPEGImages/jam2_0050.jpg 691,302,780,377,0 835,289,927,370,0 931,334,1077,441,0 1130,377,1417,532,0 971,202,1031,242,0 517,580,734,839,0 941,655,1280,973,0 321,582,374,734,1 1220,223,1245,259,1
D:\DL\1-aviliable\YOLO\1-keras-yolov3\keras-yolo3-master(useful)/VOC2007/JPEGImages/jam2_0051.jpg 313,580,375,730,1 1230,223,1249,267,1 1293,270,1316,305,1 475,712,720,1066,0 943,663,1278,970,0 1187,387,1489,555,0 1537,369,1732,473,0 1009,213,1095,257,0 962,346,1149,473,0 688,342,798,439,0 843,300,952,388,0 805,269,871,328,0
D:\DL\1-aviliable\YOLO\1-keras-yolov3\keras-yolo3-master(useful)/VOC2007/JPEGImages/jam2_0052.jpg 664,380,795,510,0 868,316,975,412,0 1002,363,1188,487,0 1239,395,1555,566,0 1314,307,1477,403,0 1080,223,1168,281,0 916,666,1278,973,0 785,249,843,295,0 817,281,888,338,0 649,238,706,295,0 323,587,373,727,1 1235,223,1259,267,1
D:\DL\1-aviliable\YOLO\1-keras-yolov3\keras-yolo3-master(useful)/VOC2007/JPEGImages/jam2_0053.jpg 316,580,374,734,1 1448,317,1487,367,1 1239,225,1263,266,1 1156,271,1270,353,0 1299,406,1630,595,0 1009,371,1232,496,0 874,325,999,421,0 606,434,782,591,0 828,289,906,350,0 657,242,723,312,0 793,256,860,306,0 927,659,1277,982,0
D:\DL\1-aviliable\YOLO\1-keras-yolov3\keras-yolo3-master(useful)/VOC2007/JPEGImages/jam2_0054.jpg 549,485,750,696,0 934,650,1275,975,0 1434,435,1770,625,0 1475,371,1678,482,0 1223,260,1342,331,0 1024,246,1113,300,0 1052,381,1284,509,0 877,334,1018,431,0 657,256,730,325,0 842,294,931,357,0 327,589,375,728,1 1248,231,1275,269,1
D:\DL\1-aviliable\YOLO\1-keras-yolov3\keras-yolo3-master(useful)/VOC2007/JPEGImages/jam2_0055.jpg 316,582,387,728,1 1582,344,1617,406,1 1121,392,1363,528,0 1277,320,1442,420,0 1305,280,1430,349,0 891,335,1045,441,0 841,302,946,370,0 667,266,743,342,0 498,566,723,802,0 941,649,1275,963,0 934,223,998,275,0
D:\DL\1-aviliable\YOLO\1-keras-yolov3\keras-yolo3-master(useful)/VOC2007/JPEGImages/jam2_0056.jpg 309,582,368,723,1 670,277,750,363,0 813,269,888,328,0 860,303,952,380,0 888,209,938,252,0 1124,281,1255,370,0 1363,305,1510,387,0 928,348,1091,455,0 1206,398,1487,566,0 1548,406,1816,513,0 449,657,709,991,0 934,662,1274,977,0
D:\DL\1-aviliable\YOLO\1-keras-yolov3\keras-yolo3-master(useful)/VOC2007/JPEGImages/jam2_0057.jpg 330,588,378,725,1 1292,238,1317,288,1 1377,367,1592,452,0 1345,452,1657,612,0 977,364,1175,485,0 860,314,980,395,0 673,298,771,387,0 814,271,892,327,0 591,278,673,342,0 943,649,1277,977,0 1035,248,1116,320,0 852,198,900,230,0 1727,388,1757,446,1
D:\DL\1-aviliable\YOLO\1-keras-yolov3\keras-yolo3-master(useful)/VOC2007/JPEGImages/jam2_0058.jpg 327,577,389,730,1 1306,231,1327,282,1 1252,323,1427,409,0 1492,348,1660,446,0 1602,487,1905,671,0 1066,394,1323,530,0 887,324,1023,424,0 957,234,1032,288,0 687,219,731,267,0 745,235,802,274,0 814,278,906,341,0 685,317,803,425,0 574,300,660,367,0 938,656,1274,978,0
D:\DL\1-aviliable\YOLO\1-keras-yolov3\keras-yolo3-master(useful)/VOC2007/JPEGImages/jam2_0059.jpg 563,323,653,414,0 713,346,842,463,0 839,288,917,352,0 593,250,659,296,0 685,224,738,282,0 752,237,809,284,0 910,210,967,278,0 1184,289,1303,360,0 1239,416,1546,585,0 1567,371,1749,487,0 927,344,1099,459,0 946,650,1281,977,0 1320,241,1339,287,1 323,582,380,727,1
D:\DL\1-aviliable\YOLO\1-keras-yolov3\keras-yolo3-master(useful)/VOC2007/JPEGImages/jam2_0060.jpg 314,585,375,737,1 1332,242,1357,295,1 1806,350,1839,412,1 1105,269,1216,325,0 873,200,921,248,0 606,270,664,324,0 687,231,738,285,0 756,237,817,289,0 848,292,950,374,0 1017,373,1241,496,0 1478,466,1809,630,0 943,656,1278,978,0 734,356,909,496,0 557,360,663,464,0
D:\DL\1-aviliable\YOLO\1-keras-yolov3\keras-yolo3-master(useful)/VOC2007/JPEGImages/jam2_0061.jpg 531,409,667,548,0 782,381,1002,537,0 864,312,974,396,0 1053,249,1146,300,0 789,273,880,321,0 591,280,659,346,0 685,238,749,294,0 1156,405,1453,553,0 937,659,1275,971,0 1766,345,1798,406,1 1339,250,1367,299,1 305,613,380,767,1
D:\DL\1-aviliable\YOLO\1-keras-yolov3\keras-yolo3-master(useful)/VOC2007/JPEGImages/jam2_0062.jpg 291,635,355,802,1 1727,338,1760,405,1 1352,444,1696,607,0 938,657,1280,975,0 509,475,680,659,0 859,409,1127,564,0 898,331,1016,412,0 809,275,882,334,0 578,300,664,373,0 692,250,756,317,0
D:\DL\1-aviliable\YOLO\1-keras-yolov3\keras-yolo3-master(useful)/VOC2007/JPEGImages/jam2_0063.jpg 471,591,692,874,0 934,656,1282,977,0 931,424,1250,610,0 1600,481,1913,663,0 549,334,648,420,0 693,270,770,337,0 913,344,1055,431,0 816,288,912,356,0 971,220,1039,260,0 1691,331,1724,391,1 1374,249,1399,300,1 1224,228,1245,266,1 289,653,346,828,1
D:\DL\1-aviliable\YOLO\1-keras-yolov3\keras-yolo3-master(useful)/VOC2007/JPEGImages/jam2_0064.jpg 296,657,353,827,1 1656,323,1680,388,1 1385,264,1405,307,1 1241,230,1262,262,1 1016,449,1353,628,0 942,366,1098,481,0 832,296,927,373,0 712,278,795,375,0 784,256,845,305,0 530,367,634,477,0 945,662,1282,984,0 938,210,998,246,0
D:\DL\1-aviliable\YOLO\1-keras-yolov3\keras-yolo3-master(useful)/VOC2007/JPEGImages/jam2_0065.jpg 903,198,957,234,0 848,319,956,398,0 787,259,859,312,0 730,298,828,405,0 502,409,637,534,0 977,389,1145,513,0 1088,455,1448,657,0 943,652,1280,982,0 1630,316,1659,375,1 1402,256,1421,316,1 1263,225,1275,274,1 287,659,362,820,1 309,487,341,607,1 634,231,688,287,0 685,269,745,313,0
D:\DL\1-aviliable\YOLO\1-keras-yolov3\keras-yolo3-master(useful)/VOC2007/JPEGImages/jam2_0066.jpg 617,230,670,302,0 689,274,750,337,0 732,320,860,434,0 800,273,880,325,0 878,319,984,414,0 995,398,1178,539,0 1141,460,1521,675,0 1588,494,1898,681,0 937,653,1285,984,0 498,453,639,614,0 274,509,327,628,1 292,663,360,832,1 1407,262,1437,316,1 1602,306,1630,369,1
D:\DL\1-aviliable\YOLO\1-keras-yolov3\keras-yolo3-master(useful)/VOC2007/JPEGImages/jam2_0067.jpg 262,532,314,662,1 293,659,353,831,1 1581,299,1606,357,1 1300,235,1314,281,1 1231,488,1621,705,0 1395,400,1630,553,0 1002,403,1207,555,0 955,675,1305,1014,0 875,330,1006,431,0 749,332,898,470,0 475,506,649,695,0 696,295,766,366,0 807,282,898,348,0 602,250,660,319,0
D:\DL\1-aviliable\YOLO\1-keras-yolov3\keras-yolo3-master(useful)/VOC2007/JPEGImages/jam2_0068.jpg 473,569,663,812,0 675,313,760,407,0 587,260,671,349,0 675,244,735,294,0 827,289,914,352,0 777,344,921,500,0 905,337,1034,439,0 1027,421,1230,578,0 1239,342,1425,453,0 1420,531,1834,750,0 257,566,313,692,1 287,666,360,827,1 1555,298,1581,355,1 1313,242,1335,282,1
D:\DL\1-aviliable\YOLO\1-keras-yolov3\keras-yolo3-master(useful)/VOC2007/JPEGImages/jam2_0069.jpg 263,588,314,689,1 289,666,356,827,1 1331,246,1356,302,1 1534,289,1557,344,1 1118,291,1259,375,0 1037,427,1263,599,0 450,645,681,962,0 784,363,952,531,0 923,352,1046,464,0 837,294,932,366,0 663,337,764,437,0 570,288,656,378,0 675,239,746,319,0
D:\DL\1-aviliable\YOLO\1-keras-yolov3\keras-yolo3-master(useful)/VOC2007/JPEGImages/jam2_0071.jpg 239,660,287,832,1 300,663,355,834,1 652,406,777,559,0 545,321,649,455,0 692,282,782,366,0 828,392,1038,605,0 850,312,968,388,0 1130,494,1396,699,0 1367,246,1391,303,1
D:\DL\1-aviliable\YOLO\1-keras-yolov3\keras-yolo3-master(useful)/VOC2007/JPEGImages/jam2_0073.jpg 299,664,375,884,1 542,373,657,541,0 678,539,893,771,0 896,453,1153,720,0 1214,548,1534,800,0 707,325,825,452,0 880,332,1002,427,0 1556,289,1580,360,1
D:\DL\1-aviliable\YOLO\1-keras-yolov3\keras-yolo3-master(useful)/VOC2007/JPEGImages/jam2_0074.jpg 364,724,438,906,1 313,677,364,839,1 1581,298,1602,366,1 531,407,678,609,0 705,591,942,852,0 942,513,1249,830,0 1238,571,1580,835,0 716,360,860,494,0 892,345,1021,444,0
D:\DL\1-aviliable\YOLO\1-keras-yolov3\keras-yolo3-master(useful)/VOC2007/JPEGImages/jam2_0075.jpg 507,437,670,657,0 702,617,974,902,0 735,381,903,553,0 912,357,1060,474,0 999,587,1368,1014,0 1259,575,1609,862,0 1042,450,1263,609,0 357,748,434,935,1 313,667,377,839,1 1600,302,1628,374,1 1237,220,1259,266,1
D:\DL\1-aviliable\YOLO\1-keras-yolov3\keras-yolo3-master(useful)/VOC2007/JPEGImages/jam2_0076.jpg 318,675,368,757,1 330,764,410,939,1 1630,312,1648,375,1 1249,223,1264,270,1 1382,259,1409,310,1 1277,592,1613,857,0 713,627,991,938,0 1067,473,1289,632,0 930,374,1096,500,0 759,409,949,607,0 473,463,666,712,0 805,275,877,348,0
D:\DL\1-aviliable\YOLO\1-keras-yolov3\keras-yolo3-master(useful)/VOC2007/JPEGImages/jam2_0077.jpg 323,752,392,939,1 316,677,378,784,1 256,455,299,560,1 1655,312,1685,395,1 1527,288,1549,353,1 1253,220,1277,269,1 1281,600,1613,863,0 1060,473,1295,639,0 712,655,1006,971,0 780,441,996,649,0 943,381,1105,505,0 463,485,660,750,0 813,289,900,356,0 895,317,989,389,0 671,232,716,280,0
D:\DL\1-aviliable\YOLO\1-keras-yolov3\keras-yolo3-master(useful)/VOC2007/JPEGImages/jam2_0078.jpg 456,489,656,767,0 732,680,1043,1032,0 793,460,1060,687,0 1274,599,1630,869,0 1064,467,1293,635,0 952,384,1109,500,0 821,296,906,355,0 664,238,716,284,0 296,675,368,813,1 284,727,366,914,1 1688,327,1714,395,1 1553,292,1575,359,1 1348,249,1363,291,1
D:\DL\1-aviliable\YOLO\1-keras-yolov3\keras-yolo3-master(useful)/VOC2007/JPEGImages/jam2_0079.jpg 292,677,362,802,1 293,739,370,913,1 1588,309,1610,366,1 1717,328,1750,402,1 1328,253,1348,291,1 450,494,659,771,0 803,473,1084,723,0 1073,473,1298,639,0 1282,592,1627,877,0 750,716,1116,1069,0 948,382,1112,505,0 1605,453,1884,581,0 824,298,909,362,0 893,319,993,399,0 668,246,731,295,0
D:\DL\1-aviliable\YOLO\1-keras-yolov3\keras-yolo3-master(useful)/VOC2007/JPEGImages/jam2_0080.jpg 302,735,370,917,1 299,671,364,773,1 1616,310,1632,382,1 1759,334,1780,409,1 1409,402,1641,516,0 1277,594,1637,877,0 452,495,660,785,0 823,494,1109,773,0 1066,463,1295,637,0 938,382,1099,506,0 678,256,741,317,0 599,250,664,300,0
D:\DL\1-aviliable\YOLO\1-keras-yolov3\keras-yolo3-master(useful)/VOC2007/JPEGImages/jam2_0083.jpg 274,494,332,617,1 255,671,287,750,1 259,707,332,885,1 1749,339,1771,419,1 1268,238,1291,287,1 1324,237,1348,288,1 1300,330,1477,427,0 1059,285,1160,348,0 564,302,649,374,0 689,292,773,366,0 938,385,1109,507,0 1068,469,1299,635,0 1278,592,1634,877,0 889,577,1250,946,0 435,523,664,856,0
D:\DL\1-aviliable\YOLO\1-keras-yolov3\keras-yolo3-master(useful)/VOC2007/JPEGImages/jam2_0084.jpg 427,553,673,919,0 918,619,1323,1038,0 1273,591,1638,874,0 1067,467,1292,638,0 939,377,1117,503,0 700,296,789,387,0 566,330,664,419,0 1177,295,1318,370,0 1002,257,1084,310,0 253,513,307,645,1 259,655,335,831,1 227,698,291,877,1 1252,234,1275,271,1 1341,242,1363,289,1 1802,348,1825,412,1
D:\DL\1-aviliable\YOLO\1-keras-yolov3\keras-yolo3-master(useful)/VOC2007/JPEGImages/jam2_0085.jpg 223,545,282,677,1 234,699,300,880,1 293,649,360,819,1 1241,228,1262,271,1 585,357,705,464,0 702,307,802,410,0 941,385,1109,505,0 1064,467,1299,641,0 1278,595,1635,867,0 402,603,688,1042,0 1084,269,1199,331,0
D:\DL\1-aviliable\YOLO\1-keras-yolov3\keras-yolo3-master(useful)/VOC2007/JPEGImages/jam2_0086.jpg 716,321,820,420,0 620,400,777,531,0 934,381,1110,510,0 1063,464,1292,632,0 1278,596,1639,884,0 1013,248,1106,296,0 306,645,370,824,1 274,687,341,866,1 1613,360,1649,421,1
D:\DL\1-aviliable\YOLO\1-keras-yolov3\keras-yolo3-master(useful)/VOC2007/JPEGImages/jam2_0087.jpg 309,673,389,863,1 1377,248,1409,307,1 559,341,589,394,1 671,450,873,609,0 725,337,837,446,0 942,385,1105,510,0 1070,467,1293,639,0 1278,595,1632,874,0 973,235,1037,278,0
D:\DL\1-aviliable\YOLO\1-keras-yolov3\keras-yolo3-master(useful)/VOC2007/JPEGImages/jam2_0088.jpg 702,507,950,709,0 728,352,859,469,0 943,385,1102,499,0 1073,470,1291,637,0 1267,595,1642,874,0 123,670,213,835,1 363,678,412,819,1 400,694,443,812,1 542,364,582,425,1
D:\DL\1-aviliable\YOLO\1-keras-yolov3\keras-yolo3-master(useful)/VOC2007/JPEGImages/jam2_0089.jpg 102,728,192,894,1 449,660,493,721,1 509,667,549,716,1 556,400,605,450,1 1718,420,1738,495,1 1745,432,1768,513,1 735,546,1007,787,0 743,366,877,506,0 941,388,1110,509,0 1067,475,1295,644,0 1289,595,1643,882,0
D:\DL\1-aviliable\YOLO\1-keras-yolov3\keras-yolo3-master(useful)/VOC2007/JPEGImages/jam2_0090.jpg 757,582,1066,852,0 750,382,892,514,0 939,380,1105,510,0 670,256,737,310,0 855,296,937,377,0 1060,464,1292,641,0 1277,591,1641,877,0 559,434,620,530,1 539,657,581,717,1 595,671,625,720,1 1552,367,1587,438,1 1578,382,1607,437,1
D:\DL\1-aviliable\YOLO\1-keras-yolov3\keras-yolo3-master(useful)/VOC2007/JPEGImages/jam2_0092.jpg 763,591,1077,873,0 1267,594,1642,877,0 1060,463,1292,641,0 759,402,927,552,0 942,389,1109,510,0 689,287,768,349,0 605,262,660,313,0 848,303,948,380,0 599,506,662,607,1 695,699,756,881,1 1321,295,1362,363,1 1482,321,1510,364,1 1423,309,1450,352,1
D:\DL\1-aviliable\YOLO\1-keras-yolov3\keras-yolo3-master(useful)/VOC2007/JPEGImages/jam2_0094.jpg 773,584,1071,867,0 777,396,928,557,0 585,310,657,377,0 718,309,823,395,0 937,387,1110,505,0 1056,469,1306,644,0 1273,594,1635,877,0 850,303,942,381,0 666,628,750,795,1 1073,788,1141,998,1 1343,774,1407,974,1 1628,353,1659,427,1 1542,341,1577,410,1 1178,263,1207,307,1 1491,270,1517,334,1 1391,249,1409,302,1
D:\DL\1-aviliable\YOLO\1-keras-yolov3\keras-yolo3-master(useful)/VOC2007/JPEGImages/jam2_0095.jpg 742,775,839,934,1 1295,781,1353,977,1 1548,749,1599,889,1 595,291,620,338,1 1127,239,1157,291,1 1413,252,1432,309,1 1628,356,1664,430,1 1727,388,1764,449,1 767,591,1077,869,0 766,399,928,559,0 1063,467,1291,635,0 1280,591,1630,873,0 935,382,1103,510,0 557,341,659,437,0 845,303,943,385,0
D:\DL\1-aviliable\YOLO\1-keras-yolov3\keras-yolo3-master(useful)/VOC2007/JPEGImages/jam2_0096.jpg 539,409,671,532,0 767,403,928,557,0 764,594,1078,873,0 1062,469,1302,646,0 1277,602,1638,877,0 932,381,1093,506,0 748,335,885,423,0 573,314,606,360,1 1459,769,1541,973,1 1693,744,1749,841,1 1731,387,1773,470,1 1850,430,1895,494,1 1428,317,1464,373,1
D:\DL\1-aviliable\YOLO\1-keras-yolov3\keras-yolo3-master(useful)/VOC2007/JPEGImages/jam2_0097.jpg 555,356,596,438,1 1546,350,1577,417,1 1557,287,1589,348,1 1867,428,1913,492,1 1655,742,1695,821,1 1862,755,1909,892,1 524,475,689,653,0 767,580,1077,870,0 767,403,930,555,0 666,266,732,325,0 937,391,1116,498,0 1062,467,1293,637,0 1271,595,1646,881,0
D:\DL\1-aviliable\YOLO\1-keras-yolov3\keras-yolo3-master(useful)/VOC2007/JPEGImages/jam2_0098.jpg 552,403,599,506,1 1575,289,1606,363,1 1803,752,1859,860,1 1706,388,1742,457,1 514,534,706,741,0 768,591,1077,870,0 1067,466,1295,637,0 1275,594,1635,877,0 766,402,930,555,0 939,387,1109,506,0 670,278,739,345,0
D:\DL\1-aviliable\YOLO\1-keras-yolov3\keras-yolo3-master(useful)/VOC2007/JPEGImages/jam2_0099.jpg 525,570,723,791,0 768,594,1075,867,0 1062,469,1291,641,0 1275,592,1630,881,0 766,396,928,559,0 938,382,1107,505,0 667,285,750,362,0 596,444,656,530,1 1498,274,1514,331,1 1600,298,1631,367,1
D:\DL\1-aviliable\YOLO\1-keras-yolov3\keras-yolo3-master(useful)/VOC2007/JPEGImages/jam2_0100.jpg 725,473,763,528,1 1631,305,1655,380,1 502,575,712,794,0 774,589,1073,874,0 1059,473,1296,646,0 1284,585,1618,877,0 770,403,930,553,0 932,385,1103,507,0 666,295,756,374,0
D:\DL\1-aviliable\YOLO\1-keras-yolov3\keras-yolo3-master(useful)/VOC2007/JPEGImages/jam2_0101.jpg 509,573,721,802,0 763,584,1078,870,0 1060,471,1310,639,0 1270,582,1634,885,0 767,409,942,539,0 939,380,1113,498,0 668,300,756,374,0 846,305,942,381,0 1543,288,1563,356,1 1656,313,1680,382,1
D:\DL\1-aviliable\YOLO\1-keras-yolov3\keras-yolo3-master(useful)/VOC2007/JPEGImages/jam2_0102.jpg 1107,600,1177,685,1 1567,288,1588,366,1 1689,320,1709,394,1 502,577,720,805,0 767,592,1071,870,0 1267,594,1631,882,0 1056,463,1299,637,0 938,388,1106,509,0 764,399,931,550,0 675,306,753,380,0
D:\DL\1-aviliable\YOLO\1-keras-yolov3\keras-yolo3-master(useful)/VOC2007/JPEGImages/jam2_0103.jpg 506,575,720,798,0 766,588,1075,874,0 1270,592,1625,878,0 1059,464,1295,646,0 937,384,1109,510,0 764,400,931,559,0 680,307,760,381,0 1599,303,1624,369,1 1718,327,1745,403,1 1166,725,1242,848,1
D:\DL\1-aviliable\YOLO\1-keras-yolov3\keras-yolo3-master(useful)/VOC2007/JPEGImages/jam2_0104.jpg 1041,899,1137,1016,1 1639,312,1662,387,1 1752,321,1780,406,1 506,578,720,800,0 770,589,1074,864,0 1275,592,1620,875,0 1062,469,1295,648,0 767,403,925,548,0 941,380,1103,507,0 675,307,760,375,0
D:\DL\1-aviliable\YOLO\1-keras-yolov3\keras-yolo3-master(useful)/VOC2007/JPEGImages/jam2_0105.jpg 520,573,714,795,0 763,591,1074,867,0 1268,587,1627,885,0 1062,467,1292,646,0 766,399,935,555,0 938,371,1109,510,0 674,310,757,378,0 575,282,662,341,0 1673,317,1702,388,1 1787,341,1816,416,1
D:\DL\1-aviliable\YOLO\1-keras-yolov3\keras-yolo3-master(useful)/VOC2007/JPEGImages/jam2_0106.jpg 1716,324,1741,402,1 1830,346,1857,412,1 507,575,714,798,0 763,589,1077,871,0 1271,591,1635,882,0 1060,467,1295,645,0 764,398,931,555,0 937,388,1110,510,0 668,306,766,380,0 566,300,646,373,0 874,312,977,389,0
D:\DL\1-aviliable\YOLO\1-keras-yolov3\keras-yolo3-master(useful)/VOC2007/JPEGImages/jam2_0107.jpg 563,330,657,417,0 680,306,753,380,0 885,320,1003,394,0 1012,338,1181,441,0 942,384,1132,499,0 773,416,925,557,0 1067,471,1300,645,0 1271,596,1638,882,0 762,588,1073,874,0 499,574,720,813,0 1750,335,1782,409,1 1870,346,1899,398,1
D:\DL\1-aviliable\YOLO\1-keras-yolov3\keras-yolo3-master(useful)/VOC2007/JPEGImages/jam2_0108.jpg 575,349,677,445,0 591,263,660,317,0 680,309,760,378,0 756,345,905,430,0 898,331,1043,399,0 1066,355,1262,469,0 941,391,1107,506,0 1064,474,1292,639,0 763,407,934,552,0 502,581,720,809,0 768,589,1071,875,0 1271,591,1638,885,0 1800,341,1828,409,1 1238,232,1263,281,1
D:\DL\1-aviliable\YOLO\1-keras-yolov3\keras-yolo3-master(useful)/VOC2007/JPEGImages/jam2_0109.jpg 1846,356,1868,402,1 570,282,643,344,0 678,307,757,382,0 845,291,934,362,0 935,332,1093,419,0 1155,371,1355,494,0 937,385,1118,505,0 1067,467,1295,648,0 768,400,932,566,0 584,367,693,475,0 502,566,714,806,0 767,595,1074,881,0 1270,591,1632,880,0
D:\DL\1-aviliable\YOLO\1-keras-yolov3\keras-yolo3-master(useful)/VOC2007/JPEGImages/jam2_0110.jpg 1250,396,1467,530,0 1271,595,1624,882,0 764,591,1084,875,0 502,571,718,806,0 762,405,930,563,0 939,381,1103,506,0 587,374,703,480,0 564,295,637,370,0 684,313,752,384,0 755,342,924,427,0 663,221,730,285,0
D:\DL\1-aviliable\YOLO\1-keras-yolov3\keras-yolo3-master(useful)/VOC2007/JPEGImages/jam2_0111.jpg 564,312,637,382,0 589,378,709,484,0 763,398,931,557,0 684,313,762,391,0 935,381,1105,499,0 1043,352,1232,464,0 1316,412,1537,555,0 1059,463,1300,641,0 1277,589,1625,881,0 766,588,1078,874,0 500,571,723,812,0 1328,244,1353,302,1
D:\DL\1-aviliable\YOLO\1-keras-yolov3\keras-yolo3-master(useful)/VOC2007/JPEGImages/jam2_0112.jpg 588,375,706,478,0 773,402,927,557,0 946,382,1112,510,0 1085,367,1284,482,0 1342,421,1573,575,0 1062,466,1299,645,0 1275,591,1637,880,0 768,587,1078,880,0 502,575,724,810,0
